$ANSIBLE_VAULT;1.1;AES256
39653364616263346133306537343234663432363730353066363635306163393536383266396633
3536316166646166653232663237353935343830666665610a633331626630653034316336636338
37636336396239363063343630666333306438653037666666346464303130393739353363313663
6266666666333739390a326435353963376333626666643035353535363830656465636161366630
32373839353261343434613839656338653435326332313665313965343466346561356362326665
38656336376662316566393964336363313337656564333338373963653832346637383462616539
38653632393432346361363533396464393065376266613162643838343136343730313032666130
31333535623361343839373065386230356361643765313532613064653730393661663032653038
65666165636365653163616135303738383732646333373964623534633064636564353862393366
32313864666135356361373739346238623631376362386638383734343565373365323139393164
39346263626331363437633164376265376234663633356133363033333364343538316539333566
34396335393131313939313937326562323634313637326566656333626661396363323435343230
36643838663961363031393864643666303065306432376438663832353561613232613430643133
66623434326437643835353866646139303861633834326638373737373265303530333434346163
38333564653165336537356538353464323934326132323737303136386530376533616464386362
39346166666533633565323033376439333162653737353462623836313234353265656364636635
66356335643066636334376538623332313237366633313039323531356530333864303563646163
32303338366139626639386463663465666130636361396638613131313237653335303231643464
35636566316633316433636463663362346533383634343437313830333735356534366463393765
37653230336231626661303237653538383332613736353562306430386434336430323965633963
66653465633465376633313363663436343433313265646135656532356233663366373464653831
33623531316563323537303939663961306235383165396165346332386461313065656562323335
66383330633135376336393033383838363264393066393830623735643565343334646434353562
32653566636166646262653135623963613638343661623564636433353866316633356437303735
34386437306564386465363366646665633162353830376363393665393038653862383861366538
64646566613336356132343561383035643036653332356336353963393639383731663432353730
37623664316261373762353037626237343537363133333636313139376130393232373831383530
36323934383930353931
