$ANSIBLE_VAULT;1.1;AES256
31316631363739303732636635623239653132373930636464303235626138623362323764666561
3436383631626365353838666137353336383134353634300a303232396537653639633865653366
65303835633239623031306265646533346637373364653033306262333365613535386333393632
3336663130316334390a353739336135633965653162386566353430623433636533356534656332
30623831363965366262613966373666313033346663336139373335656461613334616161336337
62663263383664333264646433643963636563613238303839306133336163303837323036613464
38616363346166393366343133343564616134343061653535373861333861313733373165633331
61666530353462363365393637656637326661623332333962326236636166613563373537313466
65653363653963626163373631383064663665623230366130343333623963363562363335396163
32373035363831336438616665623466636666376231623038613939653165303339653936376436
61376632643161623932613732353931326634313033333364646238343462653363373732373533
39303761306462613262313861326332343130356431346131356236333563343036643035323933
30343765643034613763653864623433313233366634666530343133326436393436666536306137
32303861663939626266383163313537636464333861313364363566666533343038323431306239
61343662653132303364336436653863613661313863343664643639653563613865333337333439
62333165383735326666646466356335303339653166393138626631653032343230333739363664
36326134363962373263346630323334643637343738656161393831323736653732393966636661
35626338353239653936633638333663393263396561643933623838653632343964323964623537
66656464313363646366393262333034353637333266636561643766346539613831656532626439
38633438663834626164306338663431656135346165323039373566353961356362333632323161
32633432636462353038363533303863663235323237383332383539666237303265353666653766
30316136633366623663613531623163613331613363393766643535633762613465346335306663
66643865303733623961303535393831363034633463646362386266653038666562383863623161
30653332376134383836386238333931363035663539623239336466626463653536386436633166
64353764656139323739316338333132373933306437666232616636326462613130653634316261
62363738313134666431343835306465303236393534336266326538376661636330343765663565
39653836323130323935643934653038393632633861343135636535636632366565616634393462
37646438376239393361
