$ANSIBLE_VAULT;1.1;AES256
33666362663963663238633234613734313266656337633836663132353230313631653436303363
6537326639653133363334643835643736356337323461340a326638313539303739626633633064
32646437323131633739643662666462643030323833616234613263303337353433306331653662
3564393130636563330a356435666530363830306134333265616131643738326261356265306165
33363165623537313033383039346630353234626334396237396565363138323061623362323035
37636462366637373332656266313031613465366162393865396132633538363734316535303139
33396266616131343533633638653030326164636637316234323734313365393437393362333930
61356662656331373362616134643735366165633630376131336637346431646432336264386433
66373231353862343666323266373663633261326139646161623766376264363963313661326461
35663461346666363835323333663231303664386431663037636264393934363437656636623234
30396436343563313333316333313439373335643031326630626338666362666266626166323738
64356234383331613738326633623566643335353461643434353938393431353461353032633634
36393832363833366238393561623961623032303032326531323138633833353133323937666337
37383033633131323661343433363235353462306532636364356333663361303533666636383534
36333634616462333463623933386563373962613139613331333464353530626666353362326139
31636537353865333465663063333735626534356337613662613133633034653734356636653161
34353339313630336563393234323934343865666230636231393133666130383262383664353462
31353334343936303964346334366239623465656366373731666562363839636635646134636633
66373166643663396564333831346161393932386337303836316637356335383137636663633162
65663530393638623035316139356337343963666232613439323166323532616439626337393435
35336531306561653037343263336631353935396637303837333564643539666665653836383363
39643435353539336338653433633832396430656238613965336433333730393836356436353137
36336136643435363738306239303963336330353238366238333030656530373039616163643638
38663663633437316132626533656362616636306666643938646232366230376137343933366435
35373666646235353436383861346139383736616662333332363164396633346132346637663134
61633666393932336137306132626666383562323166663734373236343932396531316438643731
30313337613534626566653964353336656563323836353339623233373432653138653665613365
63356530623563363032
